-5.802325010299682617e-01 -1.866370290517807007e-01 -1.438046216964721680e+00 -1.074931696057319641e-01 -1.888324916362762451e-01 -4.932367324829101562e+00 -1.812719225883483887e+00 -1.824214816093444824e+00 5.652570128440856934e-01 -4.202485680580139160e-01 4.710077345371246338e-01 1.505689173936843872e-01 -1.036791801452636719e+00 3.350953757762908936e-01 -1.293027307838201523e-02 -1.546365380287170410e+00
-1.528091144561767578e+01 -3.020712137222290039e+00 -2.967758774757385254e-01 7.025470733642578125e-01 -2.366030216217041016e+00 1.969664990901947021e-01 -9.107031822204589844e+00 -7.566415667533874512e-01 4.819786250591278076e-01 1.117310374975204468e-01 9.539633244276046753e-02 -2.725374698638916016e+00 2.241758853197097778e-01 -2.584691047668457031e-01 -1.934785079956054688e+01 2.162103414535522461e+00
6.303993612527847290e-02 -1.484099626541137695e-01 -1.350349187850952148e-01 3.735719025135040283e-01 8.263454586267471313e-02 -3.934698402881622314e-01 -1.661374419927597046e-02 2.730015516281127930e-01 -7.168324291706085205e-02 -1.736992001533508301e-01 2.889679670333862305e-01 2.274080216884613037e-01 2.541232705116271973e-01 -2.768097221851348877e-01 -2.100223861634731293e-02 -7.113037705421447754e-01
-8.048310410231351852e-04 4.538826048374176025e-01 1.104071643203496933e-02 3.369551151990890503e-02 -1.346378326416015625e+00 1.049506142735481262e-01 -8.420548401772975922e-03 4.008414447307586670e-01 -5.266245454549789429e-02 -3.791482448577880859e-01 -3.603111505508422852e-01 -3.118063323199748993e-02 6.817829795181751251e-03 -2.345669269561767578e-01 1.462129354476928711e-01 6.454746127128601074e-01
-7.811912149190902710e-02 3.144332468509674072e-01 6.187533736228942871e-01 9.627040028572082520e-01 2.971327066421508789e+00 -7.384698390960693359e-01 -2.866060473024845123e-02 -2.653065919876098633e-01 -2.069728672504425049e-01 -1.383742690086364746e-01 -6.102782487869262695e-01 1.186207607388496399e-01 8.640469610691070557e-02 -3.004446744918823242e+00 -3.499323874711990356e-02 -2.178896188735961914e+00
-1.073581218719482422e+00 4.222717508673667908e-02 -1.871631890535354614e-01 7.907310128211975098e-02 6.581593304872512817e-02 -5.598926916718482971e-02 -5.052335858345031738e-01 -2.943304777145385742e+00 -3.265716880559921265e-02 -3.524945974349975586e-01 -4.287270009517669678e-01 -2.759094536304473877e-01 -6.928430497646331787e-02 -2.813562452793121338e-01 2.134347856044769287e-01 -1.904586404561996460e-01
3.247344195842742920e-01 5.410504341125488281e-01 5.754756331443786621e-01 3.644462227821350098e-01 -4.480306804180145264e-01 -1.726214051246643066e+00 1.694630458950996399e-02 -1.412496209144592285e+00 -8.344060778617858887e-01 -4.388241469860076904e-01 -1.295627951622009277e+00 -9.811864234507083893e-03 6.899964809417724609e-01 -7.926352024078369141e-01 -1.205052509903907776e-01 -8.044928312301635742e-01
5.653348565101623535e-02 -2.073529958724975586e+00 -7.151706218719482422e-01 -2.769062528386712074e-03 1.037478804588317871e+00 -1.921378672122955322e-01 -4.067013859748840332e-01 -1.207113027572631836e+00 -2.390890717506408691e-01 -1.615369766950607300e-01 2.209030240774154663e-01 6.260702013969421387e-01 -2.110882252454757690e-01 1.818285882472991943e-01 -4.020295739173889160e-01 -2.377404451370239258e+00
-5.439677834510803223e-01 1.597834974527359009e-01 1.536074578762054443e-01 -8.383584618568420410e-01 -5.054176226258277893e-02 1.399877429008483887e+00 -1.834915131330490112e-01 -6.797382831573486328e-01 -1.034819483757019043e+00 1.695496402680873871e-02 -4.594410061836242676e-01 -3.663269877433776855e-01 -7.632561922073364258e-01 -1.173344999551773071e-01 -4.205497205257415771e-01 -3.044934749603271484e+00
1.076254174113273621e-01 -2.487968951463699341e-01 -1.175938963890075684e+00 4.678388833999633789e-01 -8.492860198020935059e-01 -3.180865645408630371e-01 -6.883021444082260132e-02 -3.388087749481201172e-01 -1.844892650842666626e-01 -1.720401942729949951e-01 2.728532254695892334e-01 -5.748060941696166992e-01 -3.260747194290161133e-01 -1.448093801736831665e-01 -7.380232959985733032e-02 -4.152840748429298401e-02
-5.370643734931945801e-01 -3.535448610782623291e-01 -1.382198929786682129e-01 5.244215950369834900e-02 -2.068935781717300415e-01 3.478373214602470398e-02 -2.301832139492034912e-01 1.181071251630783081e-01 -3.290510475635528564e-01 8.166150003671646118e-02 9.245772659778594971e-02 7.763419300317764282e-02 -3.989680111408233643e-01 -3.439661487936973572e-02 1.102522730827331543e+00 4.537782371044158936e-01
-4.372982978820800781e-01 -1.334944009780883789e+00 -2.325394630432128906e+01 -1.475236606597900391e+01 7.608697414398193359e-01 -1.747845077514648438e+01 5.079148709774017334e-02 -7.977795124053955078e+00 -1.268657445907592773e+00 1.429498046636581421e-01 -4.641085267066955566e-01 1.418764829635620117e+00 1.149834632873535156e+00 9.650245904922485352e-01 4.114388525485992432e-01 9.547329545021057129e-01
-5.285111665725708008e-01 -1.651185005903244019e-01 6.177361011505126953e-01 4.347448647022247314e-01 -1.098024368286132812e+00 -1.741660714149475098e+00 -3.183335065841674805e-01 1.079283952713012695e-01 -3.865956783294677734e+00 -3.669847846031188965e-01 5.336328148841857910e-01 -5.052284803241491318e-03 -7.976989746093750000e-01 5.027815699577331543e-01 1.561534255743026733e-01 -1.783856630325317383e+00
-3.849795460700988770e-01 -1.259125024080276489e-01 -1.113739311695098877e-01 2.543908357620239258e-01 -1.980455040931701660e+00 -3.300195336341857910e-01 -9.137598425149917603e-02 1.982075721025466919e-01 -1.638227224349975586e+00 -3.042523562908172607e-01 7.793198823928833008e-01 -7.710437476634979248e-02 4.851189851760864258e-01 1.357166171073913574e-01 1.955559551715850830e-01 4.820907413959503174e-01
8.065409660339355469e-01 -5.952960997819900513e-02 -4.481638222932815552e-02 5.596964806318283081e-02 -4.200463771820068359e+00 -7.519897073507308960e-02 5.861416459083557129e-01 -5.116326361894607544e-02 -2.671620249748229980e-02 -4.297479093074798584e-01 6.420543044805526733e-02 -2.753879874944686890e-03 -3.319941088557243347e-02 9.261485189199447632e-03 -1.344286918640136719e+00 -6.353564560413360596e-02
-1.181114986538887024e-01 6.816409826278686523e-01 1.343257576227188110e-01 6.356578469276428223e-01 -2.035264670848846436e-02 -1.614587783813476562e+00 -3.041476197540760040e-02 5.698756575584411621e-01 -4.253386706113815308e-02 -3.746595680713653564e-01 -6.189253330230712891e-01 -6.181825324892997742e-02 8.937962055206298828e-01 -7.482569813728332520e-01 1.569995582103729248e-01 -2.168334245681762695e+00
-2.691681981086730957e-01 6.256095767021179199e-01 -1.036030173301696777e+00 -2.234543561935424805e-01 -1.610507011413574219e+00 1.777830272912979126e-01 -1.307708323001861572e-01 3.244987502694129944e-02 2.642304636538028717e-02 1.585575193166732788e-01 -1.479109525680541992e-01 -3.288188576698303223e-01 2.244029343128204346e-01 5.896634422242641449e-03 6.681881099939346313e-02 4.644173085689544678e-01
-7.080735564231872559e-01 1.668288409709930420e-01 -6.167212009429931641e+00 6.009720265865325928e-02 -5.072993785142898560e-02 1.940673589706420898e-02 -1.937716722488403320e+00 -2.861523926258087158e-01 -2.871074676513671875e-01 -2.552743852138519287e-01 -1.255215108394622803e-01 -2.265261299908161163e-02 -4.033986330032348633e-01 -1.204676181077957153e-01 8.125015348196029663e-02 -1.682094573974609375e+00
-4.964618757367134094e-02 -3.458688557147979736e-01 3.628604114055633545e-01 1.267396211624145508e-01 -3.780507564544677734e+00 -5.877830386161804199e-01 1.595452129840850830e-01 -1.769617795944213867e-01 2.593581974506378174e-01 -3.513422310352325439e-01 -2.717814922332763672e+00 2.926849126815795898e-01 -5.155062675476074219e-01 -1.271108150482177734e+00 1.459902524948120117e-01 -2.454792521893978119e-02
-1.748913675546646118e-01 -2.361166924238204956e-01 6.988666206598281860e-02 8.318673074245452881e-02 -5.802424550056457520e-01 -1.032390817999839783e-01 9.648831933736801147e-02 1.833497434854507446e-01 -8.601456880569458008e-01 -2.816410064697265625e-01 1.237791776657104492e-01 -4.473707079887390137e-01 -4.103065654635429382e-02 -1.910511963069438934e-02 -8.734355680644512177e-03 -1.385400652885437012e+00
4.624501466751098633e-01 3.261838853359222412e-01 6.081662140786647797e-03 6.280448287725448608e-02 -3.004353940486907959e-01 -2.564748562872409821e-02 1.638233363628387451e-01 -7.710277438163757324e-01 -2.134031653404235840e-01 -4.756668508052825928e-01 -6.958395242691040039e-02 3.073872923851013184e-01 2.276427447795867920e-01 1.178519520908594131e-02 -1.558881551027297974e-01 -5.679695606231689453e-01
7.172126770019531250e-01 2.740896865725517273e-02 1.071820378303527832e+00 -4.033637940883636475e-01 1.206636987626552582e-02 1.775695011019706726e-02 4.203008413314819336e-01 1.747411847114562988e+00 -3.020440936088562012e-01 5.145632848143577576e-02 -1.151333451271057129e+00 7.222883105278015137e-01 4.815275967121124268e-01 -9.446327388286590576e-02 -6.187617778778076172e-01 -1.977038532495498657e-01
-4.609106779098510742e-01 1.297430396080017090e-01 3.120812214910984039e-02 -9.150377660989761353e-02 -7.207917571067810059e-01 -8.795239031314849854e-02 -1.161912232637405396e-01 -5.901321768760681152e-01 7.522292137145996094e-01 1.821005642414093018e-01 5.062437653541564941e-01 -2.635065913200378418e-01 5.716559290885925293e-01 2.763876318931579590e-01 3.227126300334930420e-01 -1.279765367507934570e+00
3.775146901607513428e-01 2.490562200546264648e-01 -9.620238542556762695e-01 1.197210431098937988e+00 -1.712053537368774414e+00 -2.324073165655136108e-01 4.329382255673408508e-02 -1.167549848556518555e+00 3.689576387405395508e-01 -1.530976891517639160e-01 -8.155207633972167969e-01 -1.254343390464782715e+00 -5.440405011177062988e-01 -1.234311938285827637e+00 -5.782666802406311035e-01 -1.316629350185394287e-01
-5.923916101455688477e-01 4.439890012145042419e-02 -3.448961675167083740e-01 -2.259983569383621216e-01 -1.360992312431335449e+00 -3.891205415129661560e-02 -3.983431458473205566e-01 1.494195163249969482e-01 1.179049089550971985e-01 -1.161834225058555603e-01 -9.586955308914184570e-01 1.193292811512947083e-01 -1.064484417438507080e-01 -2.398386299610137939e-01 -9.056425094604492188e-02 -6.346701979637145996e-01
1.361637376248836517e-02 1.565360724925994873e-01 -1.737283229827880859e+00 -9.136949479579925537e-02 3.381736576557159424e-01 2.698126994073390961e-02 -1.719247847795486450e-01 2.163104945793747902e-03 -1.119843274354934692e-01 1.993598043918609619e-02 1.311489641666412354e-01 -5.522239208221435547e-02 -1.256881505250930786e-01 1.166032478213310242e-01 -1.196346506476402283e-01 1.518090218305587769e-01
1.101587265729904175e-01 -9.080426692962646484e-01 -6.627839207649230957e-01 3.537760078907012939e-01 -4.086685180664062500e-01 -4.213637411594390869e-01 -7.630454748868942261e-02 -1.056377887725830078e+00 -1.737622022628784180e-01 9.376081824302673340e-02 7.379004955291748047e-01 8.265179395675659180e-02 1.100615188479423523e-01 6.429030001163482666e-02 -3.853785991668701172e-02 -5.428745746612548828e-01
-3.689657747745513916e-01 3.583717159926891327e-03 -3.473228216171264648e+00 1.294141821563243866e-02 -8.048015832901000977e-02 -3.515366837382316589e-02 -2.928526997566223145e-01 -2.549546658992767334e-01 -4.192559048533439636e-02 5.492720752954483032e-02 1.135655045509338379e-01 5.099999159574508667e-02 -2.116198651492595673e-02 -1.423720084130764008e-02 -3.653471171855926514e-02 -1.361590065062046051e-02
-1.268793821334838867e+00 1.248900070786476135e-01 -1.597491741180419922e+00 -1.364976763725280762e-01 -1.771363019943237305e-01 1.749825179576873779e-01 -1.324589848518371582e+00 2.361863553524017334e-01 -1.558321565389633179e-01 -3.669606745243072510e-01 2.500263452529907227e-01 4.980188608169555664e-01 6.251686215400695801e-01 2.378096580505371094e-01 -1.140484884381294250e-01 -3.081081807613372803e-01
-1.081389337778091431e-01 2.000083588063716888e-02 -3.933364748954772949e-01 -2.566806599497795105e-02 -3.466041564941406250e+00 1.201184093952178955e-01 -1.339729875326156616e-01 -5.827445983886718750e-01 8.307147771120071411e-02 -7.725381851196289062e-02 -6.752988696098327637e-01 2.791597135365009308e-02 -4.944075942039489746e-01 -3.323853015899658203e-01 -5.304488353431224823e-03 -1.008954763412475586e+00
4.458563774824142456e-02 1.810841560363769531e-01 -5.961492061614990234e-01 1.093964278697967529e-01 -1.184848975390195847e-02 7.120012491941452026e-02 -9.849156253039836884e-03 1.153113842010498047e-01 2.421800978481769562e-02 -8.925221115350723267e-02 -7.770380973815917969e-01 3.855960443615913391e-02 -2.133279144763946533e-01 -5.091651678085327148e-01 -6.390648335218429565e-02 -1.374997943639755249e-01
-4.928299903869628906e+00 4.295913875102996826e-02 -1.469168663024902344e-01 2.802155213430523872e-03 7.979939877986907959e-02 -7.468501478433609009e-02 -4.966989040374755859e+00 -2.313999414443969727e+00 -3.795883432030677795e-02 -1.995597034692764282e-01 1.385946273803710938e-01 1.037882268428802490e-01 -6.094783544540405273e-02 8.900582045316696167e-02 -8.497414737939834595e-02 7.505252957344055176e-02
